a b x y (a^b) (x^y) (a^b)->(x^y) (a->x) (a->y) (b->x) (b->y) (a->x)^(a->y)^(b->x)^(b->y) (a->x)^(a->y) a->(x^y)
1 1 1 1   1     1        1         1      1      1      1                 1                    1         1
1 1 1 0   1     0        0         1      0      1      0                 0                    0         0
1 1 0 1   1     0        0         0      1      0      1                 0                    0         0
1 1 0 0   1     0        0         0      0      0      0                 0                    0         0
1 0 1 1   0     1        1         1      1      1      1                 1                    1         1
1 0 1 0   0     0        1         1      0      1      1                 0                    0         0
1 0 0 1   0     0        1         0      1      1      1                 0                    0         0
1 0 0 0   0     0        1         0      0      1      1                 0                    0         0
0 1 1 1   0     1        1         1      1      1      1                 1                    1         1
0 1 1 0   0     0        1         1      1      1      0                 0                    1         1
0 1 0 1   0     0        1         1      1      0      1                 0                    1         1
0 1 0 0   0     0        1         1      1      0      0                 0                    1         1
0 0 1 1   0     1        1         1      1      1      1                 1                    1         1
0 0 1 0   0     0        1         1      1      1      1                 1                    1         1
0 0 0 1   0     0        1         1      1      1      1                 1                    1         1
0 0 0 0   0     0        1         1      1      1      1                 1                    1         1

(a^b) -> (x^y)
= -(a^b) v (x^y)
= -a v -b v (x^y)
= ((a^b)->x)^((a^b)->y)
=
